-0.118707 -0.0642403
0.11863 0.0641614
0.11862 0.064156
-0.118698 -0.0642259
-0.118671 -0.0641831
0.118587 0.0641386
-0.118586 -0.0641437
0.118637 0.0641426
-0.118608 -0.0641443
0.118615 0.064142
-0.118604 -0.064143
0.11862 0.0641435
0.118611 0.064141
-0.118613 -0.0641452
0.118605 0.0641466
-0.118618 -0.0641382
0.118606 0.0641399
-0.118615 -0.0641464
-0.118609 -0.0641454
0.118613 0.0641411
0.118611 0.0641451
-0.118746 -0.0642755
-0.118748 -0.0642758
0.118609 0.0641449
0.118615 0.0641459
-0.118609 -0.0641403
0.118614 0.0641438
-0.118742 -0.0642765
-0.118609 -0.0641408
0.118613 0.0641443
0.118613 0.0641441
-0.118744 -0.0642764
-0.118604 -0.0641424
0.118753 0.064278
0.11861 0.0641428
-0.118746 -0.0642772
0.118616 0.0641449
-0.118608 -0.0641418
0.118604 0.0641424
-0.118753 -0.0642779
-0.118611 -0.0641431
0.118613 0.0641436
-0.118611 -0.0641429
0.118745 0.0642769
0.118614 0.0641434
-0.118743 -0.0642771
-0.118611 -0.0641422
0.118745 0.0642775
0.118744 0.0642789
-0.118613 -0.0641411
-0.118617 -0.0641444
0.11874 0.0642767
-0.118612 -0.064142
0.11861 0.0641444
0.11875 0.0642811
-0.118607 -0.0641391
0.118614 0.0641439
-0.118609 -0.0641419
0.118742 0.0642794
-0.118614 -0.0641405
0.118613 0.0641439
-0.118609 -0.0641428
-0.11861 -0.0641438
0.118614 0.0641426
0.118622 0.0641418
-0.118602 -0.0641447
-0.118611 -0.0641428
0.118613 0.0641434
-0.118742 -0.0642767
0.118615 0.0641434
0.118744 0.0642773
-0.118613 -0.0641431
0.118744 0.0642784
-0.118612 -0.064142
0.118611 0.0641425
-0.118613 -0.064144
-0.11861 -0.064141
0.118614 0.0641454
-0.118614 -0.0641437
0.11861 0.0641428
-0.11861 -0.0641442
0.118747 0.0642771
-0.118609 -0.0641438
0.118613 0.0641429
-0.11861 -0.0641438
0.118611 0.0641428
-0.118613 -0.0641439
0.118611 0.0641427
-0.11861 -0.0641424
0.118611 0.0641442
-0.119099 -0.0643614
0.11818 0.063976
-0.118055 -0.0638746
0.119269 0.0645025
0.11888 0.0642647
-0.118341 -0.0640178
0.118641 0.0641586
-0.118714 -0.0642616
-0.118725 -0.0642776
0.118632 0.0641433
0.118761 0.0642659
-0.118591 -0.0641505
-0.118485 -0.0640849
0.118825 0.0642897
-0.118814 -0.0642167
0.118477 0.0641359
-0.118627 -0.0641432
0.118595 0.064144
-0.118593 -0.0641393
0.11863 0.0641458
0.118614 0.0641418
-0.118607 -0.0641449
-0.118609 -0.0641469
0.118612 0.0641391
-0.118667 -0.0641543
0.118535 0.0641117
0.11853 0.0641256
-0.118727 -0.0641933
0.118805 0.0642417
-0.118513 -0.0641375
0.118579 0.0641285
-0.118775 -0.0642907
0.118617 0.0641478
-0.11874 -0.0642735
0.118608 0.064146
-0.118614 -0.0641407
-0.120376 -0.0650962
0.11694 0.0632857
-0.117479 -0.0635595
0.119872 0.0648426
0.118856 0.0643164
-0.118493 -0.0641006
-0.116593 -0.0631725
0.120752 0.0652338
-0.119713 -0.0647115
0.117591 0.0636461
-0.118835 -0.0642999
0.118514 0.0641128
-0.120212 -0.0650049
0.117229 0.0635035
0.117945 0.0638597
-0.119462 -0.0645944
0.119362 0.0645421
-0.117961 -0.0638467
-0.118746 -0.064278
0.11861 0.064142
0.118612 0.0641429
-0.118612 -0.0641434
0.118611 0.0641417
-0.11861 -0.0641448
-0.118745 -0.0642748
0.118612 0.0641464
-0.11861 -0.0641444
0.118747 0.0642765
-0.118608 -0.064141
0.118749 0.0642796
0.118615 0.0641453
-0.118609 -0.0641411
0.118734 0.0642785
-0.118623 -0.0641428
0.118606 0.0641453
-0.118751 -0.0642754
-0.11874 -0.0642693
0.118617 0.064151
-0.118752 -0.0642802
0.118605 0.0641404
-0.118611 -0.064145
0.118613 0.0641412
-0.118611 -0.0641404
0.118613 0.0641459
-0.118742 -0.0642773
0.118615 0.0641433
-0.118748 -0.0642801
0.118609 0.0641412
-0.118613 -0.0641432
0.118744 0.0642779
0.118606 0.0641421
-0.118616 -0.0641446
-0.118613 -0.0641432
0.118611 0.0641431
-0.118614 -0.0641496
0.118607 0.0641365
-0.118611 -0.0641438
0.118613 0.0641425
0.118612 0.0641381
-0.118744 -0.0642816
-0.118614 -0.0641447
0.118743 0.0642763
0.118613 0.0641441
-0.118743 -0.064276
0.118613 0.0641435
-0.118609 -0.064143
0.118752 0.0642759
-0.118604 -0.0641441
0.118776 0.0642772
-0.118581 -0.0641425
0.118606 0.0641429
-0.118749 -0.0642769
-0.118613 -0.0641442
0.118609 0.0641425
-0.118611 -0.0641435
0.118745 0.0642768
-0.11861 -0.0641414
0.118747 0.0642794
-0.118634 -0.0641515
0.118588 0.0641331
-0.118611 -0.0641392
0.118612 0.0641466
0.118613 0.0641393
-0.118608 -0.0641469
0.118607 0.0641409
-0.118614 -0.0641458
-0.118612 -0.0641436
0.118612 0.0641431
0.118749 0.0642793
-0.118608 -0.0641415
0.118614 0.0641467
-0.11861 -0.0641397
-0.118739 -0.0642782
0.118618 0.0641423
0.118611 0.0641448
-0.118613 -0.0641417
-0.118612 -0.064144
0.118609 0.0641427
0.118746 0.064276
-0.118611 -0.0641448
0.118747 0.0642733
-0.118609 -0.0641466
0.116793 0.0632921
-0.120522 -0.0651029
0.119948 0.0647927
-0.117355 -0.063581
0.118596 0.0641729
-0.118757 -0.064244
0.118741 0.0642743
-0.118617 -0.0641463
-0.1186 -0.0641431
0.118756 0.0642775
-0.118627 -0.0641369
-0.118593 -0.0641455
-0.119512 -0.0645749
0.117829 0.0638303
0.117908 0.0638122
-0.119395 -0.0645534
-0.120612 -0.0651592
0.116741 0.0632781
-0.118603 -0.0641437
0.118621 0.0641427
0.118616 0.0641438
-0.118605 -0.0641426
-0.118741 -0.0642769
0.118615 0.0641433
0.118611 0.0641424
-0.11861 -0.0641441
0.118609 0.0641424
-0.118614 -0.0641439
0.118743 0.0642784
-0.118613 -0.0641417
0.118747 0.0642787
-0.11861 -0.0641416
-0.11861 -0.0641423
0.118614 0.0641442
0.118743 0.0642741
-0.118613 -0.0641456
0.118743 0.0642766
-0.118613 -0.0641437
-0.118605 -0.0641447
0.118752 0.0642758
0.118609 0.0641433
-0.118615 -0.064143
-0.118751 -0.0642781
0.118606 0.0641422
0.118615 0.064143
-0.118741 -0.0642774
0.11875 0.0642765
-0.118607 -0.0641439
-0.118803 -0.0642914
0.118553 0.0641274
0.118806 0.0642648
-0.11853 -0.0641339
-0.118304 -0.0639787
0.118947 0.0643353
0.118528 0.0641425
0.118835 0.0642782
0.118016 0.0638759
0.119311 0.0645026
-0.11773 -0.0637269
0.119676 0.0647411
-0.118724 -0.0642724
0.118632 0.0641471
-0.118578 -0.0641436
0.118779 0.0642773
-0.118576 -0.0641295
0.118646 0.0641546
-0.118627 -0.0641436
0.118595 0.0641429
-0.118597 -0.0641254
0.118624 0.0641609
-0.11874 -0.0642651
0.118614 0.0641533
-0.116966 -0.0632465
0.120286 0.0650811
0.118547 0.0641054
0.11878 0.0642899
0.119194 0.0644782
-0.118099 -0.0638836
0.119754 0.0648082
-0.117568 -0.0635784
0.117945 0.0638694
-0.11938 -0.0645261
-0.118228 -0.0639923
0.11912 0.0644209
-0.118613 -0.0641413
0.118609 0.0641453
-0.118746 -0.0642762
0.118611 0.0641439
-0.118611 -0.064143
0.118612 0.0641428
0.117343 0.0635271
-0.120095 -0.0649829
0.119143 0.064489
0.118352 0.0640614
0.118898 0.0642403
-0.118321 -0.0640428
-0.11862 -0.0641457
0.118737 0.0642739
-0.118621 -0.0641486
0.118598 0.0641322
-0.118738 -0.0642624
0.118472 0.0640073
-0.118747 -0.0642778
0.11861 0.0641428
0.118611 0.0641436
-0.118746 -0.0642767
-0.118612 -0.0641432
0.118612 0.0641433
0.118603 0.0641341
-0.118618 -0.0641519
0.118593 0.0641404
-0.118627 -0.0641452
0.11881 0.0642508
-0.118528 -0.0641505
-0.118607 -0.0641414
0.118616 0.0641447
-0.11861 -0.0641429
0.118613 0.0641428
0.118614 0.064143
-0.118607 -0.0641434
-0.118746 -0.0642777
0.11861 0.0641424
0.118612 0.0641426
-0.118612 -0.0641438
0.118745 0.0642757
-0.118611 -0.0641439
0.118601 0.0641409
-0.118622 -0.064145
-0.118739 -0.0642738
0.118618 0.0641461
0.118627 0.0641348
-0.11859 -0.0641478
-0.118617 -0.0641447
0.118606 0.064141
-0.118742 -0.0642778
0.118615 0.0641424
-0.118747 -0.064278
0.118609 0.0641424
0.118615 0.0641417
-0.118606 -0.0641448
-0.118746 -0.0642769
0.11861 0.0641434
-0.118611 -0.0641449
0.118745 0.0642753
-0.118609 -0.0641445
0.118747 0.064276
0.118609 0.0641465
-0.118612 -0.0641399
-0.118612 -0.0641445
0.118611 0.0641414
-0.118605 -0.0641415
0.118616 0.0641451
-0.118612 -0.0641429
0.118612 0.0641436
0.118613 0.0641433
-0.118611 -0.0641431
0.118602 0.0641461
-0.118755 -0.0642744
-0.118728 -0.064278
0.118627 0.0641411
-0.118632 -0.0641379
0.118587 0.0641459
-0.118617 -0.0641394
0.118605 0.0641458
0.118757 0.0642754
-0.118599 -0.0641447
-0.11875 -0.0642762
0.118607 0.0641447
-0.118603 -0.0641486
0.118618 0.0641378
-0.118785 -0.0642851
0.118572 0.064136
-0.11861 -0.0641419
0.118747 0.0642796
0.118614 0.0641424
-0.118609 -0.064144
0.118601 0.0641448
-0.118755 -0.0642754
0.118746 0.0642778
-0.118611 -0.0641428
-0.118747 -0.0642782
0.11861 0.0641424
0.118752 0.0642767
-0.118605 -0.0641438
-0.118613 -0.0641428
-0.118608 -0.0641438
-0.118617 -0.0641465
0.11874 0.0642745
0.118609 0.0641423
-0.118615 -0.0641443
0.11875 0.0642784
-0.118607 -0.064142
0.118609 0.0641415
-0.118612 -0.0641452
0.118745 0.0642768
-0.118611 -0.0641434
-0.118746 -0.0642772
0.118611 0.0641435
0.118745 0.0642776
-0.118611 -0.0641429
-0.118739 -0.0642767
0.118617 0.0641438
0.118612 0.0641428
-0.118612 -0.0641436
0.118612 0.0641417
-0.118612 -0.0641448
0.118604 0.0641427
-0.118617 -0.0641437
-0.118612 -0.0641428
0.118612 0.0641439
-0.118612 -0.0641439
0.118611 0.064142
0.118748 0.0642786
-0.118609 -0.0641424
-0.118611 -0.06414
0.118613 0.0641465
0.118608 0.064145
-0.118749 -0.0642757
-0.118752 -0.0642773
0.118605 0.0641438
-0.118612 -0.0641459
0.11861 0.0641411
0.118739 0.0642747
-0.118618 -0.0641461
0.118611 0.0641437
-0.118612 -0.0641427
0.118606 0.064145
-0.118751 -0.0642751
0.118745 0.0642778
-0.118611 -0.0641424
-0.11861 -0.0641433
0.118614 0.0641435
0.118616 0.0641399
-0.11874 -0.0642801
-0.118613 -0.0641447
0.118611 0.0641418
-0.11861 -0.0641436
0.118747 0.0642772
0.11861 0.0641435
-0.118746 -0.0642764
0.118608 0.0641413
-0.118613 -0.0641454
0.118612 0.0641436
-0.118612 -0.064143
-0.118748 -0.0642787
0.118609 0.0641422
-0.11856 -0.0640509
0.118756 0.0643254
-0.118071 -0.0638578
0.119281 0.0645608
0.117986 0.0639122
-0.119339 -0.0644944
-0.11859 -0.064239
0.118715 0.0641311
-0.119132 -0.0644617
0.11819 0.0639293
-0.119042 -0.0643554
0.118299 0.0640566
0.118619 0.0641403
-0.118739 -0.064281
0.118748 0.0642747
-0.118607 -0.0641443
0.118726 0.0642841
-0.11863 -0.0641363
-0.118588 -0.0641514
0.118635 0.0641337
-0.118567 -0.0641581
-0.118655 -0.0641284
0.11858 0.0641419
-0.118642 -0.0641448
-0.11858 -0.0640907
0.118465 0.064019
-0.118629 -0.0641421
0.118592 0.0641438
0.118527 0.0641344
-0.118716 -0.0641726
-0.118351 -0.0639876
0.119005 0.0644326
-0.118766 -0.0642381
0.118559 0.0641507
-0.118602 -0.0641336
0.118616 0.0641476
0.118611 0.0641431
-0.118745 -0.0642774
0.118609 0.0641436
-0.118612 -0.0641432
0.118612 0.0641444
-0.118744 -0.0642758
-0.118741 -0.0642774
0.118615 0.0641431
-0.118749 -0.064278
0.118607 0.0641427
0.118608 0.0641431
-0.118748 -0.0642773
-0.118714 -0.0642058
0.118592 0.0641656
0.118817 0.0642495
-0.118368 -0.0640018
-0.11835 -0.0640098
0.118893 0.0643009
-0.116338 -0.0628859
-0.120863 -0.0653769
-0.119395 -0.0645572
-0.117958 -0.0638527
-0.117729 -0.0636741
0.119505 0.0646412
-0.1191 -0.0644032
0.118171 0.0639361
-0.118434 -0.0640111
-0.118767 -0.0642549
0.118304 0.0639949
-0.11898 -0.0643558
0.117714 0.0636555
-0.119584 -0.0647074
0.119237 0.064515
-0.118068 -0.0638525
-0.118705 -0.0642663
0.118643 0.0641475
0.119828 0.0647943
-0.11741 -0.0635164
-0.118097 -0.0638516
-0.119108 -0.0644156
0.118336 0.0640049
-0.118865 -0.0642613
-0.11852 -0.064151
0.118833 0.0642663
-0.117885 -0.0637465
0.119327 0.0645364
-0.120699 -0.0652322
0.116614 0.063181
0.119085 0.064407
-0.118254 -0.0640004
0.119129 0.0644119
-0.118076 -0.0638625
0.118197 0.0639375
-0.118987 -0.0643147
0.118608 0.0641526
-0.118614 -0.0641315
-0.118609 -0.0641448
0.118613 0.0641407
0.118751 0.064265
-0.118603 -0.0641526
0.118618 0.0641379
-0.118603 -0.0641485
-0.118743 -0.0642738
0.118615 0.064147
-0.118622 -0.0641513
0.118736 0.0642701
-0.11874 -0.0642756
0.118618 0.0641452
0.118604 0.0641393
-0.118753 -0.064281
-0.118613 -0.0641445
0.118743 0.064275
0.118586 0.0641499
-0.118767 -0.064268
-0.118575 -0.064143
0.11878 0.064276
-0.118617 -0.0641315
0.1186 0.0641523
-0.118758 -0.0642737
0.118598 0.064146
0.118629 0.0641418
-0.118727 -0.0642787
-0.118618 -0.0641437
0.118739 0.064277
0.118611 0.0641357
-0.11862 -0.0641607
0.11868 0.0642225
-0.118632 -0.064153
0.11861 0.0641417
-0.118746 -0.0642787
-0.118739 -0.0642811
0.118619 0.0641403
-0.118607 -0.0641443
0.118748 0.0642748
-0.11863 -0.0641363
0.118726 0.0642841
0.118635 0.0641337
-0.118588 -0.0641514
-0.118655 -0.0641284
-0.118567 -0.064158
-0.118642 -0.0641448
0.11858 0.0641419
0.118553 0.0641274
-0.118803 -0.0642913
-0.11853 -0.0641339
0.118806 0.0642647
0.118947 0.0643353
-0.118304 -0.0639787
0.118835 0.0642781
0.118528 0.0641425
0.119311 0.0645025
0.118016 0.0638759
0.119676 0.0647411
-0.11773 -0.0637269
0.120286 0.0650812
-0.116966 -0.0632465
0.11878 0.0642899
0.118547 0.0641054
-0.118099 -0.0638836
0.119194 0.0644783
-0.117569 -0.0635785
0.119754 0.0648082
-0.119381 -0.0645262
0.117945 0.0638694
0.11912 0.064421
-0.118229 -0.0639923
-0.120095 -0.064983
0.117343 0.0635271
0.118352 0.0640614
0.119143 0.0644889
-0.118321 -0.0640426
0.118898 0.0642403
0.118737 0.0642739
-0.11862 -0.0641457
0.118598 0.0641321
-0.118621 -0.0641486
0.118472 0.0640073
-0.118738 -0.0642624
-0.118618 -0.0641519
0.118603 0.0641341
-0.118627 -0.0641452
0.118593 0.0641404
-0.118528 -0.0641505
0.11881 0.0642508
-0.118622 -0.064145
0.118601 0.0641409
0.118618 0.0641461
-0.118739 -0.0642738
-0.11859 -0.0641478
0.118627 0.0641348
-0.118606 -0.0641448
0.118615 0.0641417
0.11861 0.0641434
-0.118746 -0.0642769
0.118745 0.0642753
-0.118611 -0.0641449
0.118747 0.064276
-0.118609 -0.0641445
-0.118612 -0.0641399
0.118609 0.0641465
0.118611 0.0641414
-0.118612 -0.0641445
-0.118755 -0.0642744
0.118602 0.0641461
0.118627 0.0641411
-0.118728 -0.0642781
0.118587 0.0641459
-0.118632 -0.064138
0.118605 0.0641458
-0.118617 -0.0641394
-0.118599 -0.0641448
0.118757 0.0642755
0.118607 0.0641447
-0.11875 -0.0642762
-0.120522 -0.0651029
0.116793 0.063292
-0.117355 -0.063581
0.119948 0.0647927
-0.118757 -0.064244
0.118596 0.0641729
0.117829 0.0638303
-0.119512 -0.0645751
-0.119395 -0.0645535
0.117908 0.0638123
0.116741 0.0632783
-0.120612 -0.0651593
0.118618 0.0641377
-0.118603 -0.0641485
0.118572 0.064136
-0.118785 -0.064285
0.118747 0.0642795
-0.11861 -0.0641419
-0.118609 -0.064144
0.118614 0.0641424
-0.118755 -0.0642754
0.118601 0.0641448
-0.118611 -0.0641429
0.118746 0.0642778
0.11861 0.0641424
-0.118747 -0.0642782
-0.118605 -0.0641438
0.118752 0.0642767
-0.118608 -0.0641438
-0.118613 -0.0641428
-0.118612 -0.0641452
0.118609 0.0641416
-0.118611 -0.0641435
0.118745 0.0642767
0.118611 0.0641435
-0.118746 -0.0642772
-0.118611 -0.0641429
0.118745 0.0642776
0.118617 0.0641438
-0.118739 -0.0642767
-0.118612 -0.0641436
0.118612 0.0641428
-0.118612 -0.0641448
0.118612 0.0641417
-0.118617 -0.0641437
0.118604 0.0641427
0.118612 0.0641438
-0.118612 -0.0641428
0.118611 0.0641419
-0.118612 -0.0641438
-0.118609 -0.0641423
0.118748 0.0642786
0.118613 0.0641465
-0.118611 -0.06414
-0.118749 -0.0642757
0.118608 0.064145
0.118605 0.0641438
-0.118752 -0.0642773
0.11861 0.0641411
-0.118612 -0.0641459
-0.118618 -0.0641461
0.118739 0.0642747
-0.118612 -0.0641427
0.118611 0.0641437
-0.118751 -0.0642751
0.118606 0.0641451
-0.118611 -0.0641423
0.118745 0.0642778
0.118614 0.0641435
-0.11861 -0.0641433
-0.11874 -0.0642801
0.118616 0.0641399
0.118611 0.0641417
-0.118613 -0.0641448
0.118747 0.0642772
-0.11861 -0.0641436
-0.118746 -0.0642764
0.11861 0.0641435
-0.118613 -0.0641453
0.118608 0.0641413
-0.118612 -0.064143
0.118612 0.0641436
0.118609 0.0641422
-0.118748 -0.0642787
0.118632 0.0641471
-0.118724 -0.0642724
0.118779 0.0642773
-0.118578 -0.0641437
0.118646 0.0641546
-0.118576 -0.0641294
0.118595 0.0641429
-0.118627 -0.0641436
0.118624 0.0641609
-0.118597 -0.0641254
0.118614 0.0641533
-0.11874 -0.064265
0.11694 0.0632857
-0.120376 -0.0650962
0.119872 0.0648426
-0.117479 -0.0635595
-0.118493 -0.0641006
0.118856 0.0643164
-0.118617 -0.0641463
0.118741 0.0642743
0.118756 0.0642775
-0.1186 -0.0641431
-0.118593 -0.0641454
-0.118627 -0.0641369
0.120753 0.0652342
-0.116593 -0.0631729
0.117591 0.0636463
-0.119714 -0.0647123
0.118514 0.0641129
-0.118835 -0.0642997
0.118621 0.0641427
-0.118603 -0.0641437
-0.118605 -0.0641426
0.118616 0.0641438
0.118615 0.0641433
-0.118741 -0.0642769
0.117229 0.0635035
-0.120213 -0.065005
-0.119462 -0.0645946
0.117945 0.0638598
-0.117961 -0.0638467
0.119362 0.0645421
-0.11861 -0.0641441
0.118611 0.0641424
-0.118614 -0.0641439
0.118609 0.0641424
-0.118613 -0.0641417
0.118743 0.0642784
0.11818 0.063976
-0.119099 -0.0643614
0.119269 0.0645025
-0.118055 -0.0638746
-0.118341 -0.0640178
0.11888 0.0642647
0.118825 0.0642897
-0.118485 -0.0640849
0.118477 0.0641359
-0.118814 -0.0642167
0.118595 0.0641441
-0.118627 -0.0641432
0.118535 0.0641117
-0.118667 -0.0641543
-0.118727 -0.0641934
0.11853 0.0641256
-0.118513 -0.0641375
0.118805 0.0642417
0.11874 0.0642745
-0.118617 -0.0641464
-0.118615 -0.0641443
0.118609 0.0641423
-0.118607 -0.064142
0.11875 0.0642784
0.118613 0.0641459
-0.118611 -0.0641404
0.118615 0.0641433
-0.118742 -0.0642773
0.118609 0.0641412
-0.118748 -0.0642801
-0.118604 -0.0641441
0.118752 0.0642759
-0.118581 -0.0641425
0.118776 0.0642772
-0.118749 -0.0642769
0.118606 0.0641429
0.118609 0.0641453
-0.118613 -0.0641413
0.118611 0.0641439
-0.118746 -0.0642762
0.118612 0.0641428
-0.118611 -0.0641429
0.118612 0.0641464
-0.118745 -0.0642748
0.118747 0.0642765
-0.11861 -0.0641444
0.118749 0.0642796
-0.118608 -0.0641409
0.11861 0.0641428
-0.118747 -0.0642778
-0.118746 -0.0642767
0.118611 0.0641435
0.118612 0.0641433
-0.118612 -0.0641432
0.118616 0.0641447
-0.118607 -0.0641414
0.118613 0.0641428
-0.11861 -0.064143
-0.118607 -0.0641434
0.118614 0.064143
0.11861 0.0641424
-0.118746 -0.0642777
-0.118612 -0.0641438
0.118612 0.0641425
-0.118611 -0.0641439
0.118745 0.0642757
-0.118609 -0.0641411
0.118615 0.0641453
-0.118623 -0.0641428
0.118734 0.0642784
-0.118751 -0.0642754
0.118606 0.0641453
0.118606 0.064141
-0.118617 -0.0641447
0.118615 0.0641424
-0.118742 -0.0642778
0.118609 0.0641424
-0.118747 -0.064278
0.118616 0.0641451
-0.118605 -0.0641415
0.118612 0.0641435
-0.118612 -0.0641429
-0.118611 -0.0641431
0.118613 0.0641433
-0.11861 -0.0641416
0.118747 0.0642787
0.118614 0.0641442
-0.11861 -0.0641423
-0.118613 -0.0641456
0.118743 0.0642741
-0.118613 -0.0641437
0.118743 0.0642766
0.118752 0.0642759
-0.118605 -0.0641447
-0.118615 -0.064143
0.118609 0.0641433
0.118606 0.0641422
-0.118751 -0.0642781
-0.118741 -0.0642774
0.118615 0.064143
-0.118607 -0.0641439
0.11875 0.0642765
-0.11862 -0.0641608
0.118611 0.0641356
-0.118632 -0.064153
0.11868 0.0642225
-0.118746 -0.0642787
0.11861 0.0641417
-0.118714 -0.0642616
0.118641 0.0641587
0.118632 0.0641433
-0.118725 -0.0642776
-0.118591 -0.0641506
0.118761 0.0642659
0.11863 0.0641614
-0.118706 -0.0642403
-0.118698 -0.0642259
0.11862 0.064156
0.118587 0.0641386
-0.118671 -0.0641831
0.11863 0.0641459
-0.118593 -0.0641393
-0.118607 -0.0641449
0.118614 0.0641418
0.118612 0.0641391
-0.118609 -0.0641469
-0.118775 -0.0642907
0.118579 0.0641285
-0.11874 -0.0642735
0.118617 0.0641478
-0.118614 -0.0641407
0.118608 0.064146
-0.118614 -0.0641457
0.118607 0.0641409
0.118612 0.0641431
-0.118612 -0.0641436
-0.118608 -0.0641415
0.118749 0.0642793
-0.11861 -0.0641396
0.118614 0.0641467
0.118618 0.0641423
-0.118739 -0.0642782
-0.118613 -0.0641418
0.118611 0.0641448
0.118609 0.0641427
-0.118612 -0.064144
-0.118611 -0.0641448
0.118746 0.0642761
-0.118609 -0.0641466
0.118747 0.0642733
0.118592 0.0641655
-0.118714 -0.0642058
-0.118368 -0.0640018
0.118817 0.0642495
0.118893 0.0643009
-0.11835 -0.0640097
-0.120863 -0.0653769
-0.116338 -0.0628859
-0.117958 -0.0638526
-0.119395 -0.0645572
0.119505 0.0646412
-0.117729 -0.0636741
0.11861 0.0641428
-0.118614 -0.0641438
0.118747 0.0642771
-0.11861 -0.0641442
0.118613 0.0641429
-0.118609 -0.0641438
0.118611 0.0641428
-0.11861 -0.0641438
0.118611 0.0641427
-0.118613 -0.0641439
0.118611 0.0641442
-0.11861 -0.0641424
0.118171 0.0639361
-0.1191 -0.0644032
-0.118767 -0.064255
-0.118434 -0.0640111
-0.11898 -0.0643558
0.118304 0.0639949
-0.119584 -0.0647074
0.117714 0.0636555
-0.118068 -0.0638525
0.119237 0.064515
0.118643 0.0641476
-0.118705 -0.0642663
0.118617 0.064151
-0.11874 -0.0642693
0.118605 0.0641404
-0.118752 -0.0642802
0.118613 0.0641412
-0.118611 -0.064145
-0.11741 -0.0635164
0.119828 0.0647943
-0.119108 -0.0644161
-0.118097 -0.0638516
-0.118865 -0.0642613
0.118336 0.064005
0.118744 0.064278
-0.118613 -0.0641433
-0.118616 -0.0641446
0.118606 0.0641421
0.118611 0.0641431
-0.118613 -0.0641432
0.118834 0.0642666
-0.11852 -0.0641511
0.119327 0.0645364
-0.117885 -0.0637465
0.116614 0.063181
-0.120699 -0.0652322
0.118607 0.0641365
-0.118614 -0.0641496
0.118613 0.0641425
-0.118611 -0.0641439
-0.118744 -0.0642816
0.118612 0.0641381
-0.118254 -0.0640004
0.119085 0.064407
-0.118076 -0.0638625
0.119129 0.064412
-0.118987 -0.0643147
0.118197 0.0639375
0.118743 0.0642763
-0.118614 -0.0641447
-0.118743 -0.064276
0.118613 0.0641441
-0.118609 -0.064143
0.118613 0.0641434
-0.118614 -0.0641315
0.118608 0.0641526
0.118613 0.0641407
-0.118609 -0.0641448
-0.118603 -0.0641526
0.118751 0.064265
0.118609 0.0641425
-0.118613 -0.0641442
0.118745 0.0642768
-0.118611 -0.0641435
0.118747 0.0642795
-0.11861 -0.0641414
-0.118603 -0.0641485
0.118618 0.0641379
0.118615 0.064147
-0.118743 -0.0642739
0.118736 0.0642701
-0.118622 -0.0641513
0.118618 0.0641452
-0.11874 -0.0642756
-0.118753 -0.064281
0.118604 0.0641394
0.118743 0.064275
-0.118613 -0.0641445
0.118588 0.0641331
-0.118634 -0.0641515
0.118612 0.0641466
-0.118611 -0.0641392
-0.118608 -0.0641469
0.118613 0.0641393
-0.118767 -0.0642679
0.118586 0.0641498
0.11878 0.064276
-0.118575 -0.064143
0.1186 0.0641524
-0.118617 -0.0641315
0.118598 0.064146
-0.118758 -0.0642737
-0.118727 -0.0642787
0.118629 0.0641418
0.118739 0.064277
-0.118618 -0.0641437
0.118637 0.0641426
-0.118586 -0.0641437
0.118615 0.0641421
-0.118608 -0.0641443
0.11862 0.0641435
-0.118604 -0.064143
-0.118613 -0.0641452
0.118611 0.064141
-0.118617 -0.0641382
0.118605 0.0641466
-0.118615 -0.0641464
0.118606 0.0641399
0.118613 0.0641411
-0.118609 -0.0641454
-0.118746 -0.0642755
0.118611 0.0641451
0.118609 0.0641449
-0.118748 -0.0642758
0.11861 0.0641421
-0.118746 -0.064278
-0.118611 -0.0641434
0.118612 0.0641429
-0.11861 -0.0641449
0.118611 0.0641417
-0.118609 -0.0641402
0.118615 0.0641459
-0.118742 -0.0642765
0.118614 0.0641438
0.118613 0.0641443
-0.118609 -0.0641408
-0.118744 -0.0642764
0.118613 0.0641442
0.118753 0.064278
-0.118604 -0.0641424
-0.118747 -0.0642773
0.11861 0.0641427
-0.118608 -0.0641418
0.118616 0.064145
-0.118753 -0.0642779
0.118604 0.0641425
0.118613 0.0641436
-0.118611 -0.064143
0.118745 0.0642769
-0.118611 -0.0641429
-0.118743 -0.064277
0.118614 0.0641434
0.118745 0.0642775
-0.118611 -0.0641421
-0.118613 -0.0641411
0.118744 0.064279
0.11874 0.0642767
-0.118617 -0.0641444
0.11861 0.0641444
-0.118612 -0.0641421
-0.118607 -0.0641391
0.11875 0.0642811
-0.118609 -0.0641419
0.118614 0.0641439
-0.118614 -0.0641405
0.118742 0.0642794
-0.118609 -0.0641428
0.118613 0.064144
0.118614 0.0641426
-0.11861 -0.0641439
-0.118602 -0.0641447
0.118622 0.0641418
0.118613 0.0641434
-0.118611 -0.0641428
0.118615 0.0641434
-0.118742 -0.0642767
-0.118613 -0.0641431
0.118744 0.0642773
-0.118612 -0.064142
0.118744 0.0642784
-0.118613 -0.0641441
0.118611 0.0641425
0.118614 0.0641454
-0.11861 -0.0641409
0.118465 0.064019
-0.11858 -0.0640907
0.118592 0.0641438
-0.118629 -0.0641421
-0.118716 -0.0641726
0.118527 0.0641344
0.119005 0.0644326
-0.118351 -0.0639876
0.118559 0.0641507
-0.118766 -0.0642381
0.118616 0.0641476
-0.118602 -0.0641336
-0.118745 -0.0642774
0.118611 0.0641431
-0.118612 -0.0641432
0.118609 0.0641435
-0.118744 -0.0642758
0.118612 0.0641444
0.118615 0.0641431
-0.118741 -0.0642774
0.118607 0.0641427
-0.118749 -0.064278
-0.118748 -0.0642773
0.118608 0.0641431
0.118756 0.0643254
-0.11856 -0.0640509
0.119281 0.0645608
-0.118071 -0.0638578
-0.119339 -0.0644945
0.117986 0.0639122
0.118715 0.0641311
-0.11859 -0.064239
0.11819 0.0639293
-0.119132 -0.0644617
0.118299 0.0640566
-0.119042 -0.0643554
