0.27521 0.134386
-0.275173 -0.134341
0.275222 0.134396
-0.275161 -0.134331
-0.275202 -0.134375
0.275179 0.134351
-0.275211 -0.134375
0.275172 0.134352
-0.27525 -0.134405
0.275131 0.134322
0.27518 0.134345
-0.275201 -0.13438
-0.275896 -0.134779
0.274474 0.133941
-0.274158 -0.133749
0.276215 0.134979
-0.274903 -0.134167
0.275394 0.134497
-0.275211 -0.134377
0.275171 0.134349
0.275195 0.134369
-0.275111 -0.134284
-0.275148 -0.134311
0.275157 0.134341
0.275199 0.134374
-0.275183 -0.134353
-0.275206 -0.134378
-0.275177 -0.134349
0.27516 0.134337
-0.275223 -0.13439
-0.275168 -0.134348
0.275214 0.134378
0.275243 0.134423
-0.275138 -0.134303
0.275144 0.13432
-0.275162 -0.134333
-0.275494 -0.134538
0.274894 0.134197
-0.275317 -0.134412
0.27503 0.13428
0.274553 0.134076
-0.275841 -0.134662
-0.276037 -0.134845
0.274321 0.133866
-0.274689 -0.134076
0.275681 0.134651
0.274156 0.13373
-0.276142 -0.134927
-0.275032 -0.134272
0.27529 0.134403
-0.275452 -0.134501
0.275036 0.134334
0.274195 0.133927
-0.27618 -0.134789
-0.275154 -0.134335
0.27515 0.134317
0.275156 0.13434
-0.275147 -0.134312
0.275136 0.134312
-0.275169 -0.134341
0.274683 0.134061
-0.27567 -0.13465
0.274619 0.134048
-0.275759 -0.134693
-0.275727 -0.134655
0.27461 0.134025
0.274929 0.134209
-0.275435 -0.13451
-0.275058 -0.134336
0.275338 0.134418
-0.275732 -0.1347
0.274583 0.133972
0.274856 0.134188
-0.275524 -0.134541
0.275035 0.134312
-0.275346 -0.134416
-0.276282 -0.134836
0.274039 0.133828
0.274984 0.134237
-0.275396 -0.134493
0.275015 0.134304
-0.275369 -0.134429
-0.276028 -0.134716
0.274286 0.133958
0.274609 0.134092
-0.275704 -0.134573
0.275189 0.13436
-0.275123 -0.134298
0.274755 0.134191
-0.275634 -0.134546
0.274751 0.134075
-0.275565 -0.134598
0.274469 0.133974
-0.275916 -0.134758
0.275108 0.1343
-0.275268 -0.134419
-0.275823 -0.1347
0.274554 0.134024
-0.275152 -0.134339
0.275169 0.134325
0.274424 0.133925
-0.275994 -0.134835
-0.275196 -0.134356
0.275196 0.134382
-0.27532 -0.134476
0.275013 0.134211
0.274858 0.134149
-0.275496 -0.13457
0.275225 0.134402
-0.275155 -0.134323
-0.275153 -0.134336
0.275151 0.134317
0.275123 0.134299
-0.275182 -0.134354
-0.275402 -0.134413
0.274974 0.13431
-0.275528 -0.134519
0.274855 0.134208
0.274781 0.134211
-0.275615 -0.134533
0.27518 0.13436
-0.275202 -0.134367
0.275176 0.134359
-0.275129 -0.134294
-0.275151 -0.134322
0.275232 0.134405
-0.275188 -0.134358
0.275154 0.134327
-0.27515 -0.134364
0.27526 0.134397
0.274242 0.133799
-0.276081 -0.134889
0.275194 0.134372
-0.275189 -0.134355
0.275203 0.134379
-0.27518 -0.134348
-0.275168 -0.134336
0.275214 0.13439
0.274797 0.134216
-0.27559 -0.134513
0.274989 0.134259
-0.275349 -0.134423
-0.275541 -0.134483
0.274775 0.134189
0.275291 0.134449
-0.275091 -0.134277
-0.275108 -0.13433
0.275306 0.134432
-0.275232 -0.134339
0.27509 0.134337
-0.275252 -0.134411
0.275131 0.134316
-0.275228 -0.134396
0.275155 0.13433
0.275204 0.134378
-0.275178 -0.134348
0.275394 0.134444
-0.27499 -0.134285
0.274124 0.133763
-0.276325 -0.13504
-0.275951 -0.134811
0.274398 0.1339
-0.275242 -0.134407
0.27514 0.13432
0.275209 0.134359
-0.275173 -0.134367
-0.275175 -0.134334
0.275129 0.134318
0.275154 0.134302
-0.27516 -0.134356
0.274681 0.1341
-0.275789 -0.134713
-0.275992 -0.134807
0.274408 0.133941
0.275207 0.134384
-0.275174 -0.134341
-0.275223 -0.134396
-0.27516 -0.134331
0.27512 0.134294
-0.275186 -0.134359
0.274867 0.134129
-0.27545 -0.134537
0.274662 0.134088
-0.275723 -0.134642
0.274601 0.134027
-0.275777 -0.134703
0.274616 0.134108
-0.27571 -0.13457
0.27521 0.134411
-0.275185 -0.134326
0.275163 0.134351
-0.275207 -0.134366
-0.275479 -0.134447
0.274903 0.134282
-0.275435 -0.134463
0.274952 0.134271
0.27467 0.134154
-0.275648 -0.134523
-0.275075 -0.134273
0.275301 0.134452
-0.275262 -0.134372
0.275114 0.134351
-0.275554 -0.134515
0.274777 0.134165
0.275181 0.134357
-0.275201 -0.134369
-0.275176 -0.134356
0.275128 0.134296
0.275151 0.134331
-0.275232 -0.134396
0.27522 0.134396
-0.275162 -0.134329
0.275151 0.134332
-0.275153 -0.134321
-0.275136 -0.134314
0.275168 0.134339
-0.274997 -0.134271
0.275392 0.134467
-0.276193 -0.134883
0.274227 0.133862
0.276004 0.13482
-0.274259 -0.133802
-0.275232 -0.134403
0.275153 0.134326
0.275225 0.134384
-0.275161 -0.134346
-0.275182 -0.134354
0.275205 0.134377
-0.274995 -0.134255
0.275387 0.134475
-0.275444 -0.134503
0.274942 0.134224
0.275595 0.134649
-0.274812 -0.134108
-0.275138 -0.134325
0.275249 0.134405
0.275163 0.134333
-0.275223 -0.134397
-0.27518 -0.134361
0.275207 0.13437
0.275288 0.134408
-0.275154 -0.134384
0.275388 0.134419
-0.274979 -0.134295
-0.274685 -0.134179
0.275709 0.134572
0.275424 0.134518
-0.274907 -0.134167
-0.275322 -0.134414
0.275057 0.134309
0.275157 0.134301
-0.275154 -0.134359
0.275352 0.134364
-0.27501 -0.134344
-0.274919 -0.134263
0.275373 0.134379
0.275312 0.134362
-0.274989 -0.134289
-0.275273 -0.134409
0.275037 0.134248
-0.275287 -0.134421
0.27509 0.134302
-0.275225 -0.134372
0.275163 0.13436
0.275266 0.134412
-0.275119 -0.134317
0.275182 0.13433
-0.275203 -0.134399
-0.275237 -0.134398
0.275148 0.134332
-0.275231 -0.134373
0.275079 0.134284
-0.275304 -0.134441
0.275074 0.134283
-0.275212 -0.13436
0.275177 0.134372
-0.274976 -0.134253
0.275398 0.134471
0.275144 0.134329
-0.275226 -0.134395
-0.275056 -0.134285
0.275299 0.13442
0.275237 0.134388
-0.275148 -0.134342
-0.275192 -0.134341
0.275191 0.134388
0.275214 0.134368
-0.275173 -0.134364
0.275297 0.13444
-0.2751 -0.1343
0.27667 0.135172
-0.273751 -0.133575
-0.275069 -0.13428
0.275268 0.134414
0.275189 0.134348
-0.275196 -0.134381
-0.275219 -0.134388
0.275166 0.134341
-0.275227 -0.134398
0.275159 0.134332
-0.274993 -0.13427
0.275384 0.134451
0.274889 0.134183
-0.275457 -0.134513
0.275196 0.134394
-0.275132 -0.134296
-0.275083 -0.134276
0.275301 0.134454
0.275162 0.134322
-0.275191 -0.134376
-0.274977 -0.134297
0.275371 0.134399
-0.275177 -0.134349
0.275208 0.134381
-0.275153 -0.134319
0.275156 0.134337
0.275209 0.134377
-0.275177 -0.134354
0.275217 0.134288
-0.275162 -0.134433
-0.275077 -0.134281
0.275198 0.134341
-0.274901 -0.134262
0.27537 0.134362
-0.275057 -0.134273
0.275232 0.134359
-0.274812 -0.134112
0.275459 0.13451
0.275754 0.134681
-0.274508 -0.133942
-0.274994 -0.134327
0.275384 0.134398
-0.275123 -0.134347
0.275244 0.134373
0.275492 0.13447
-0.274934 -0.134306
-0.275034 -0.134313
0.275342 0.134409
-0.275201 -0.134358
0.275166 0.134357
0.275349 0.134378
-0.274971 -0.134301
0.27526 0.13444
-0.275133 -0.134295
0.275837 0.134709
-0.274474 -0.133947
-0.274696 -0.134107
0.275707 0.134649
0.275207 0.134306
-0.275209 -0.134459
-0.275144 -0.134375
0.275238 0.134351
0.275259 0.134427
-0.275129 -0.134308
0.275578 0.134598
-0.274859 -0.134188
-0.275029 -0.134252
0.275406 0.134532
0.275688 0.13466
-0.274753 -0.134133
-0.275267 -0.134407
0.275118 0.134323
-0.275201 -0.134343
0.275107 0.134313
-0.275258 -0.134408
0.275127 0.134322
0.275248 0.134388
-0.275061 -0.134268
0.2753 0.134438
-0.275079 -0.134286
-0.275218 -0.13437
0.275168 0.134362
-0.275264 -0.134412
0.275122 0.134318
-0.275182 -0.134332
0.275126 0.134323
-0.275266 -0.134415
0.275119 0.134314
0.275182 0.134345
-0.275204 -0.134385
-0.275141 -0.134311
0.275243 0.134418
0.275173 0.134337
-0.275136 -0.134319
0.275206 0.134353
-0.275103 -0.134302
-0.275182 -0.134323
0.275125 0.134333
-0.275195 -0.13435
0.275193 0.134383
-0.27513 -0.134326
0.275255 0.134404
-0.275163 -0.134348
0.275147 0.134309
0.27515 0.13433
-0.275237 -0.134401
-0.27511 -0.134316
0.275281 0.134423
0.276794 0.135202
-0.27364 -0.133552
-0.27581 -0.134695
0.274509 0.133994
0.275253 0.134407
-0.275119 -0.134314
0.275351 0.134413
-0.275021 -0.134309
-0.27474 -0.134248
0.275686 0.134528
-0.274986 -0.134278
0.275385 0.134439
0.275093 0.134319
-0.275265 -0.134385
0.275264 0.134328
-0.275091 -0.134374
-0.275207 -0.134374
0.275165 0.13435
0.275087 0.134305
-0.275266 -0.134389
-0.274546 -0.133981
0.275784 0.134709
0.27555 0.134595
-0.274803 -0.134114
-0.27525 -0.134385
0.275167 0.134378
-0.274697 -0.134062
0.275652 0.134635
-0.275047 -0.134269
0.2753 0.134432
-0.274896 -0.134236
0.275387 0.134394
0.275532 0.13442
-0.27483 -0.134286
