0.135967 0.0642361
0.136034 0.0642715
0.135609 0.064075
0.136467 0.0645223
0.135674 0.0640806
0.136271 0.0643787
0.138688 0.0654635
0.133307 0.0630625
0.13437 0.0635633
0.137721 0.0650021
0.135614 0.0641217
0.13651 0.0645133
0.135896 0.0643066
0.136324 0.0644145
0.135833 0.0642034
0.136122 0.0642593
0.136131 0.0642406
0.135881 0.0642713
0.136386 0.064451
0.135671 0.06419
0.135751 0.0641087
0.136399 0.0645351
0.136004 0.0644045
0.136159 0.0642375
0.137979 0.0652179
0.134102 0.0634022
0.135329 0.0639693
0.136804 0.0646753
0.136046 0.0642613
0.135956 0.0642467
0.136477 0.0645044
0.135589 0.0640916
0.136499 0.0645372
0.135587 0.0640719
0.136939 0.064664
0.135044 0.0638347
0.136186 0.0643805
0.135927 0.0642437
0.13573 0.0641525
0.136357 0.0644456
0.135713 0.0641021
0.136258 0.0643707
0.13621 0.0643833
0.135904 0.0642345
0.135962 0.0642244
0.136105 0.0643479
0.135923 0.0642605
0.136218 0.0643865
0.136169 0.0643902
0.13597 0.0642571
0.136026 0.0642583
0.135982 0.0642563
0.135952 0.0642591
0.136189 0.0643887
0.136009 0.064257
0.135998 0.0642556
0.135986 0.0642587
0.136023 0.0642556
0.136037 0.0642525
0.135971 0.0642609
0.136012 0.0642582
0.135996 0.0642556
0.136022 0.0642594
0.135986 0.0642543
0.135959 0.0642583
0.136182 0.06439
0.136136 0.0643925
0.136004 0.0642554
0.136008 0.064258
0.136133 0.0643899
0.136021 0.0642564
0.135986 0.0642571
0.137927 0.0651652
0.134197 0.0634568
0.136123 0.0643022
0.135914 0.0642664
0.136922 0.0648061
0.135058 0.0637235
0.134557 0.063616
0.137274 0.0647903
0.137643 0.0649905
0.134513 0.0636454
0.136022 0.0642556
0.136094 0.0643412
0.134795 0.0637146
0.13728 0.0648624
0.136928 0.0646762
0.135182 0.063938
0.137021 0.0647573
0.135133 0.0638914
0.132977 0.0628862
0.138802 0.0654954
0.136534 0.064543
0.135624 0.0641053
0.135733 0.0641166
0.136268 0.0643964
0.134553 0.0635638
0.137398 0.0649226
0.135683 0.0641356
0.136463 0.064506
0.135947 0.0642127
0.136056 0.0642814
0.135094 0.0637945
0.136836 0.0646696
0.13497 0.0638156
0.137125 0.0648103
0.135518 0.0640917
0.136589 0.0645399
0.136045 0.0642337
0.135939 0.0642627
0.136469 0.0644705
0.135499 0.064011
0.135919 0.0642618
0.13619 0.0643572
0.135752 0.0641346
0.136281 0.0644006
0.136713 0.0646304
0.135365 0.0639618
0.135937 0.0642611
0.136208 0.0643849
0.136027 0.0642365
0.135845 0.0641424
0.136267 0.064389
0.135876 0.0642587
0.135523 0.0640209
0.13648 0.0644894
0.135981 0.0642558
0.136026 0.0642579
0.136 0.0642583
0.136008 0.064256
0.136018 0.064255
0.136124 0.0643942
0.136009 0.0642543
0.135998 0.0642594
0.136005 0.0642587
0.135999 0.0642546
0.136014 0.064257
0.135994 0.0642571
0.135966 0.0642554
0.136175 0.0643927
0.135774 0.0641287
0.136234 0.0643865
0.136282 0.0643829
0.135726 0.06413
0.134102 0.0634022
0.13798 0.0652179
0.136804 0.0646753
0.135329 0.0639693
0.135956 0.0642467
0.136046 0.0642613
0.135589 0.0640916
0.136477 0.0645044
0.135587 0.0640719
0.136499 0.0645372
0.135044 0.0638347
0.136939 0.064664
0.135927 0.0642437
0.136186 0.0643805
0.136357 0.0644456
0.13573 0.0641525
0.136258 0.0643707
0.135713 0.0641021
0.135904 0.0642345
0.13621 0.0643833
0.136105 0.064348
0.135962 0.0642244
0.136218 0.0643865
0.135923 0.0642605
0.13597 0.0642571
0.136169 0.0643902
0.135982 0.0642563
0.136026 0.0642583
0.136189 0.0643887
0.135952 0.0642591
0.135998 0.0642556
0.136009 0.064257
0.136023 0.0642556
0.135986 0.0642587
0.135971 0.0642609
0.136037 0.0642525
0.135996 0.0642556
0.136012 0.0642581
0.135986 0.0642543
0.136022 0.0642594
0.136182 0.06439
0.135959 0.0642583
0.136004 0.0642554
0.136136 0.0643925
0.136133 0.0643899
0.136008 0.064258
0.135986 0.0642571
0.136021 0.0642564
0.134197 0.0634568
0.137927 0.0651652
0.135914 0.0642664
0.136123 0.0643022
0.135058 0.0637235
0.136922 0.0648061
0.137274 0.0647903
0.134557 0.063616
0.134513 0.0636454
0.137643 0.0649905
0.136094 0.0643412
0.136022 0.0642556
0.13728 0.0648624
0.134795 0.0637145
0.135182 0.063938
0.136928 0.0646761
0.135133 0.0638914
0.137021 0.0647573
0.138802 0.0654954
0.132977 0.0628862
0.135624 0.0641053
0.136534 0.064543
0.136268 0.0643964
0.135733 0.0641166
0.137398 0.0649226
0.134554 0.0635638
0.136463 0.064506
0.135683 0.0641356
0.136056 0.0642814
0.135947 0.0642127
0.136836 0.0646696
0.135094 0.0637945
0.137125 0.0648103
0.13497 0.0638156
0.136589 0.0645399
0.135518 0.0640917
0.135939 0.0642627
0.136045 0.0642337
0.135499 0.064011
0.136469 0.0644705
0.13619 0.0643572
0.135919 0.0642618
0.136281 0.0644006
0.135752 0.0641346
0.135365 0.0639618
0.136713 0.0646304
0.136208 0.0643849
0.135937 0.064261
0.135845 0.0641424
0.136026 0.0642365
0.135876 0.0642587
0.136267 0.064389
0.13648 0.0644895
0.135523 0.0640209
0.136026 0.0642579
0.135981 0.0642558
0.136008 0.064256
0.136 0.0642583
0.136124 0.0643942
0.136018 0.064255
0.135998 0.0642594
0.136009 0.0642543
0.135999 0.0642546
0.136005 0.0642587
0.135993 0.0642571
0.136014 0.064257
0.136175 0.0643927
0.135966 0.0642554
0.136234 0.0643865
0.135774 0.0641287
0.135726 0.06413
0.136282 0.0643829
0.136034 0.0642716
0.135967 0.0642361
0.136467 0.0645223
0.135609 0.064075
0.136271 0.0643787
0.135674 0.0640806
0.133307 0.0630625
0.138688 0.0654635
0.137722 0.0650021
0.134369 0.0635633
0.13651 0.0645134
0.135614 0.0641217
0.136324 0.0644145
0.135896 0.0643066
0.136122 0.0642593
0.135833 0.0642034
0.135881 0.0642713
0.136131 0.0642406
0.135671 0.06419
0.136386 0.064451
0.136399 0.0645351
0.135751 0.0641087
0.136159 0.0642375
0.136004 0.0644045
